T_d;Wochentag;Arbeitstag;Wetter;TAG_Höchsttemperatur_an_der_Multergasse_dSSG;TAG_Tiefsttemperatur_an_der_Multergasse_dSSG;TAG_Gesamtanzahl_Passanten_an_der_Multergasse_dSSG;TAG_Anzahl_Passanten_richtung_Marktgasse_an_der_Multergasse_dSSG;TAG_Anzahl_Passanten_richtung_Oberer_Graben_an_der_Multergasse_dSSG;TAG_Gesamtanzahl_Erwachsene_Passanten_an_der_Multergasse_dSSG;TAG_Gesamtanzahl_Kinder_Passanten_an_der_Multergasse_dSSG;TAG_Anzahl_Erwachsene_Passanten_richtung_Marktgasse_an_der_Multergasse_dSSG;TAG_Anzahl_Erwachsene_Passanten_richtung_Oberer_Graben_an_der_Multergasse_dSSG;TAG_Anzahl_Kinder_Passanten_richtung_Marktgasse_an_der_Multergasse_dSSG;TAG_Anzahl_Kinder_Passanten_richtung_Oberer_Graben_an_der_Multergasse_dSSG
2020-08-21;Freitag;Werktage;clear-day;31.0 °C;17.4 °C;11132;5893;5239;10832;300;5734;5098;159;141
2020-08-22;Samstag;Wochenende;rain;21.63;16.89;16852;9132;7720;16227;625;8814;7413;318;307
2020-08-23;Sonntag;Wochenende;partly-cloudy-day;21.77;14.84;4430;2822;1608;4321;109;2754;1567;68;41
2020-08-24;Montag;Werktage;partly-cloudy-day;20.97;12.35;11504;6205;5299;11114;390;5988;5126;217;173
2020-08-25;Dienstag;Werktage;partly-cloudy-day;23.46;10.87;12762;6779;5983;12334;428;6554;5780;225;203
2020-08-26;Mittwoch;Werktage;partly-cloudy-day;25.6;16.31;13245;6907;6338;12860;385;6723;6137;184;201
2020-08-27;Donnerstag;Werktage;partly-cloudy-day;23.22;12.62;14407;7583;6824;13967;440;7345;6622;238;202
2020-08-28;Freitag;Werktage;rain;22.94;12.96;11080;5810;5270;10740;340;5641;5099;169;171
2020-08-29;Samstag;Wochenende;rain;15.08;11.69;6813;3505;3308;6529;284;3344;3185;161;123
2020-08-30;Sonntag;Wochenende;rain;12.63;10.27;992;565;427;963;29;558;405;7;22
2020-08-31;Montag;Werktage;rain;17.25;7.17;11757;6245;5512;11387;370;6040;5347;205;165
2020-09-01;Dienstag;Werktage;rain;17.07;9.97;9690;5015;4675;9397;293;4859;4538;156;137
2020-09-02;Mittwoch;Werktage;partly-cloudy-day;18.13;9.1;14135;7328;6807;13627;508;7062;6565;266;242
2020-09-03;Donnerstag;Werktage;clear-day;21.07;8.51;14944;7743;7201;14377;567;7455;6922;288;279
2020-09-04;Freitag;Werktage;clear-day;24.71;11.28;14142;7593;6549;13619;523;7316;6303;277;246
2020-09-05;Samstag;Wochenende;rain;24.85;14.18;18587;9768;8819;17922;665;9445;8477;323;342
2020-09-06;Sonntag;Wochenende;rain;15.6;12.08;2507;1424;1083;2436;71;1386;1050;38;33
2020-09-07;Montag;Werktage;rain;18.42;10.64;11932;6351;5581;11536;396;6134;5402;217;179
2020-09-08;Dienstag;Werktage;clear-day;21.27;8.79;12313;6481;5832;11865;448;6233;5632;248;200
2020-09-09;Mittwoch;Werktage;clear-day;23.53;11.12;13274;6953;6321;12837;437;6729;6108;224;213
2020-09-10;Donnerstag;Werktage;partly-cloudy-day;22.46;11.87;14111;7443;6668;13719;392;7245;6474;198;194
2020-09-11;Freitag;Werktage;partly-cloudy-day;22.9;13.19;13736;7343;6393;13280;456;7099;6181;244;212
2020-09-12;Samstag;Wochenende;clear-day;24.02;13.32;18234;9789;8445;17535;699;9433;8102;356;343
2020-09-13;Sonntag;Wochenende;clear-day;24.67;13.54;3606;1974;1632;3517;89;1927;1590;47;42
2020-09-14;Montag;Werktage;partly-cloudy-day;24.75;13.68;10640;5639;5001;10338;302;5474;4864;165;137
2020-09-15;Dienstag;Werktage;clear-day;25.97;15.01;11000;5753;5247;10663;337;5571;5092;182;155
2020-09-16;Mittwoch;Werktage;partly-cloudy-day;25.38;15.23;12045;6351;5694;11673;372;6141;5532;210;162
2020-09-17;Donnerstag;Werktage;rain;23.58;13.83;13711;7399;6312;13307;404;7182;6125;217;187
2020-09-18;Freitag;Werktage;clear-day;22.28;12.87;12791;6777;6014;12416;375;6590;5826;187;188
2020-09-19;Samstag;Wochenende;partly-cloudy-day;20.48;12.77;19186;10296;8890;18518;668;9943;8575;353;315
2020-09-20;Sonntag;Wochenende;partly-cloudy-day;21.37;12.84;3942;2167;1775;3827;115;2111;1716;56;59
2020-09-21;Montag;Werktage;rain;21.61;12.3;10561;5589;4972;10197;364;5398;4799;191;173
2020-09-22;Dienstag;Werktage;rain;21.02;12.28;10793;5618;5175;10468;325;5443;5025;175;150
2020-09-23;Mittwoch;Werktage;rain;19.76;13.11;12116;6476;5640;11705;411;6250;5455;226;185
2020-09-24;Donnerstag;Werktage;rain;19.8;12.69;13185;6982;6203;12835;350;6801;6034;181;169
2020-09-25;Freitag;Werktage;rain;13.19;5.99;8005;4177;3828;7761;244;4060;3701;117;127
2020-09-26;Samstag;Wochenende;rain;8.22;4.75;13426;7068;6358;12959;467;6825;6134;243;224
2020-09-27;Sonntag;Wochenende;rain;12.33;3.89;3415;1882;1533;3309;106;1816;1493;66;40
2020-09-28;Montag;Werktage;rain;13.91;4.24;13071;6905;6166;12503;568;6594;5909;311;257
2020-09-29;Dienstag;Werktage;rain;12.9;8.03;12052;6239;5813;11577;475;5987;5590;252;223
2020-09-30;Mittwoch;Werktage;partly-cloudy-day;16.7;7.14;13421;7060;6361;12924;497;6799;6125;261;236
2020-10-01;Donnerstag;Werktage;rain;16.66;8.09;14550;7701;6849;14043;507;7434;6609;267;240
2020-10-02;Freitag;Werktage;rain;18.91;8.92;13595;7244;6351;13113;482;6981;6132;263;219
2020-10-03;Samstag;Wochenende;rain;14.21;6.69;14072;7715;6357;13668;404;7467;6201;248;156
2020-10-04;Sonntag;Wochenende;rain;15.39;6.21;3527;1957;1570;3426;101;1895;1531;62;39
2020-10-05;Montag;Werktage;rain;12.62;6.51;12476;6592;5884;11947;529;6318;5629;274;255
2020-10-06;Dienstag;Werktage;rain;14.66;7.62;12035;6366;5669;11551;484;6097;5454;269;215
2020-10-07;Mittwoch;Werktage;rain;11.75;7.45;11990;6348;5642;11549;441;6109;5440;239;202
2020-10-08;Donnerstag;Werktage;partly-cloudy-day;17.05;6.56;15602;8433;7169;15003;599;8096;6907;337;262
2020-10-09;Freitag;Werktage;cloudy;17.89;8.41;14179;7547;6632;13598;581;7240;6358;307;274
2020-10-10;Samstag;Wochenende;rain;11.29;7.02;8396;4408;3988;8081;315;4235;3846;173;142
2020-10-11;Sonntag;Wochenende;rain;9.06;5.03;3396;1819;1577;3293;103;1752;1541;67;36
2020-10-12;Montag;Werktage;rain;8.3;2.76;10952;5652;5300;10440;512;5385;5055;267;245
2020-10-13;Dienstag;Werktage;rain;10.57;1.89;12940;6787;6153;12409;531;6509;5900;278;253
2020-10-14;Mittwoch;Werktage;partly-cloudy-day;10.0;1.84;12237;6407;5830;11669;568;6101;5568;306;262
2020-10-15;Donnerstag;Werktage;rain;7.32;3.52;12460;6460;6000;11999;461;6226;5773;234;227
2020-10-16;Freitag;Werktage;rain;9.08;4.66;10092;5221;4871;9700;392;5023;4677;198;194
2020-10-17;Samstag;Wochenende;rain;9.13;4.74;17119;9132;7987;16457;662;8777;7680;355;307
2020-10-18;Sonntag;Wochenende;rain;10.62;4.5;3515;1921;1594;3401;114;1864;1537;57;57
2020-10-19;Montag;Werktage;partly-cloudy-day;12.1;2.98;9752;5086;4666;9448;304;4922;4526;164;140
2020-10-20;Dienstag;Werktage;partly-cloudy-day;14.06;2.71;10538;5504;5034;10153;385;5300;4853;204;181
2020-10-21;Mittwoch;Werktage;partly-cloudy-day;17.72;8.29;10953;5761;5192;10557;396;5540;5017;221;175
2020-10-22;Donnerstag;Werktage;partly-cloudy-day;18.52;8.99;11860;6196;5664;11508;352;6011;5497;185;167
2020-10-23;Freitag;Werktage;rain;15.97;10.45;9884;5115;4769;9535;349;4925;4610;190;159
2020-10-24;Samstag;Wochenende;rain;14.59;7.95;17112;9055;8057;16442;670;8683;7759;372;298
2020-10-25;Sonntag;Wochenende;partly-cloudy-day;14.29;5.38;3374;1847;1527;3244;130;1774;1470;73;57
2020-10-26;Montag;Werktage;rain;9.28;3.66;2742;1383;1359;2669;73;1347;1322;36;37
2020-10-27;Dienstag;Werktage;rain;10.38;3.7;10041;5239;4802;9683;358;5049;4634;190;168
2020-10-28;Mittwoch;Werktage;rain;12.22;5.78;10298;5268;5030;9875;423;5058;4817;210;213
2020-10-29;Donnerstag;Werktage;rain;10.95;7.91;7043;3564;3479;6819;224;3452;3367;112;112
2020-10-30;Freitag;Werktage;rain;15.15;8.29;11674;5959;5715;11239;435;5742;5497;217;218
2020-10-31;Samstag;Wochenende;partly-cloudy-day;13.46;5.25;16331;8589;7742;15658;673;8203;7455;386;287
2020-11-01;Sonntag;Wochenende;rain;13.58;7.89;2864;1568;1296;2791;73;1530;1261;38;35
2020-11-02;Montag;Werktage;cloudy;18.9;12.27;9706;5081;4625;9338;368;4874;4464;207;161
2020-11-03;Dienstag;Werktage;rain;14.19;6.29;7834;3996;3838;7597;237;3869;3728;127;110
2020-11-04;Mittwoch;Werktage;rain;8.1;5.83;8878;4380;4498;8563;315;4229;4334;151;164
2020-11-05;Donnerstag;Werktage;cloudy;10.17;5.91;11457;5868;5589;11070;387;5678;5392;190;197
2020-11-06;Freitag;Werktage;partly-cloudy-day;10.24;4.55;11274;5779;5495;10868;406;5579;5289;200;206
2020-11-07;Samstag;Wochenende;clear-day;12.82;4.37;18044;9414;8630;17358;686;9058;8300;356;330
2020-11-08;Sonntag;Wochenende;partly-cloudy-day;11.2;4.85;3349;1854;1495;3225;124;1784;1441;70;54
2020-11-09;Montag;Werktage;clear-day;11.48;4.5;9764;5104;4660;9429;335;4926;4503;178;157
2020-11-10;Dienstag;Werktage;partly-cloudy-day;9.59;4.49;9848;5029;4819;9551;297;4863;4688;166;131
2020-11-11;Mittwoch;Werktage;partly-cloudy-day;10.04;4.93;10993;5713;5280;10526;467;5452;5074;261;206
2020-11-12;Donnerstag;Werktage;partly-cloudy-day;12.54;4.03;12344;6348;5996;11932;412;6121;5811;227;185
2020-11-13;Freitag;Werktage;partly-cloudy-day;12.6;3.99;12439;6416;6023;12023;416;6183;5840;233;183
2020-11-14;Samstag;Wochenende;clear-day;12.86;5.35;19580;10279;9301;18823;757;9893;8930;386;371
2020-11-15;Sonntag;Wochenende;partly-cloudy-day;11.83;4.7;3529;1901;1628;3401;128;1832;1569;69;59
2020-11-16;Montag;Werktage;rain;10.0;5.47;9258;4793;4465;8943;315;4640;4303;153;162
2020-11-17;Dienstag;Werktage;partly-cloudy-day;10.06;4.29;9886;5062;4824;9588;298;4913;4675;149;149
2020-11-18;Mittwoch;Werktage;clear-day;10.86;3.86;11677;6042;5635;11247;430;5816;5431;226;204
2020-11-19;Donnerstag;Werktage;rain;12.38;3.26;8353;4269;4084;8095;258;4131;3964;138;120
2020-11-20;Freitag;Werktage;rain;4.56;-1.05;10906;5525;5381;10550;356;5343;5207;182;174
2020-11-21;Samstag;Wochenende;clear-day;4.52;-1.86;19754;10455;9299;19088;666;10100;8988;355;311
2020-11-22;Sonntag;Wochenende;partly-cloudy-day;5.92;0.01;3283;1778;1505;3146;137;1707;1439;71;66
2020-11-23;Montag;Werktage;partly-cloudy-day;6.49;1.26;10131;5195;4936;9730;401;4992;4738;203;198
2020-11-24;Dienstag;Werktage;clear-day;5.72;-1.14;10611;5460;5151;10229;382;5277;4952;183;199
2020-11-25;Mittwoch;Werktage;clear-day;6.93;-0.27;12523;6580;5943;12021;502;6299;5722;281;221
2020-11-26;Donnerstag;Werktage;clear-day;6.94;-0.11;14301;7407;6894;13889;412;7190;6699;217;195
2020-11-27;Freitag;Werktage;clear-day;6.31;0.12;19236;9801;9435;18586;650;9467;9119;334;316
2020-11-28;Samstag;Wochenende;clear-day;4.85;-0.65;21556;11211;10345;20777;779;10793;9984;418;361
2020-11-29;Sonntag;Wochenende;partly-cloudy-day;1.19;-1.6;3284;1741;1543;3132;152;1660;1472;81;71
2020-11-30;Montag;Werktage;partly-cloudy-day;1.74;-2.9;10516;5421;5095;10219;297;5259;4960;162;135
2020-12-01;Dienstag;Werktage;snow;1.82;-2.08;8790;4547;4243;8491;299;4403;4088;144;155
2020-12-02;Mittwoch;Werktage;snow;1.04;-2.71;11860;6109;5751;11367;493;5848;5519;261;232
2020-12-03;Donnerstag;Werktage;partly-cloudy-day;2.27;-2.76;13309;6904;6405;12896;413;6696;6200;208;205
2020-12-04;Freitag;Werktage;rain;5.58;0.09;13503;6845;6658;13016;487;6594;6422;251;236
2020-12-05;Samstag;Wochenende;snow;3.05;-0.1;19835;10371;9464;19102;733;9971;9131;400;333
2020-12-06;Sonntag;Wochenende;snow;1.6;-0.79;1707;939;768;1631;76;895;736;44;32
2020-12-07;Montag;Werktage;snow;2.47;-0.81;11103;5747;5356;10714;389;5548;5166;199;190
2020-12-08;Dienstag;Werktage;snow;2.29;-1.5;12165;6294;5871;11762;403;6081;5681;213;190
2020-12-09;Mittwoch;Werktage;snow;1.27;-1.32;9083;4634;4449;8757;326;4460;4297;174;152
2020-12-10;Donnerstag;Werktage;partly-cloudy-day;1.25;-2.71;13357;6865;6492;12949;408;6655;6294;210;198
2020-12-11;Freitag;Werktage;partly-cloudy-day;2.79;-3.27;13478;6900;6578;13022;456;6677;6345;223;233
2020-12-12;Samstag;Wochenende;rain;4.05;0.19;19950;10404;9546;19242;708;10004;9238;400;308
2020-12-13;Sonntag;Wochenende;rain;3.8;1.03;2896;1516;1380;2782;114;1461;1321;55;59
2020-12-14;Montag;Werktage;partly-cloudy-day;6.27;-0.09;11991;6186;5805;11615;376;6003;5612;183;193
2020-12-15;Dienstag;Werktage;cloudy;6.22;2.06;12806;6635;6171;12413;393;6410;6003;225;168
2020-12-16;Mittwoch;Werktage;rain;7.66;3.1;15302;7758;7544;14749;553;7479;7270;279;274
2020-12-17;Donnerstag;Werktage;partly-cloudy-day;7.54;1.82;15292;7863;7429;14762;530;7588;7174;275;255
2020-12-18;Freitag;Werktage;partly-cloudy-day;6.24;1.83;16986;8714;8272;16365;621;8393;7972;321;300
2020-12-19;Samstag;Wochenende;partly-cloudy-day;5.91;0.65;21750;11353;10397;20960;790;10934;10026;419;371
2020-12-20;Sonntag;Wochenende;partly-cloudy-day;5.07;1.4;3188;1791;1397;3038;150;1696;1342;95;55
2020-12-21;Montag;Werktage;rain;6.67;2.34;19752;10246;9506;19024;728;9873;9151;373;355
2020-12-22;Dienstag;Werktage;rain;11.43;6.18;17542;9108;8434;16916;626;8749;8167;359;267
2020-12-23;Mittwoch;Werktage;rain;11.17;6.43;18435;9458;8977;17803;632;9125;8678;333;299
2020-12-24;Donnerstag;Werktage;rain;8.25;3.11;10872;5616;5256;10461;411;5399;5062;217;194
2020-12-25;Freitag;Werktage;snow;3.47;-2.09;1321;690;631;1268;53;660;608;30;23
2020-12-26;Samstag;Wochenende;partly-cloudy-day;-0.33;-3.66;2096;1220;876;2032;64;1176;856;44;20
2020-12-27;Sonntag;Wochenende;partly-cloudy-day;1.69;-4.17;1971;1088;883;1926;45;1062;864;26;19
2020-12-28;Montag;Werktage;snow;1.96;-0.07;15353;7985;7368;14763;590;7658;7105;327;263
2020-12-29;Dienstag;Werktage;snow;3.76;-0.48;16437;8602;7835;15764;673;8244;7520;358;315
2020-12-30;Mittwoch;Werktage;snow;2.05;-1.2;14844;7802;7042;14254;590;7481;6773;321;269
2020-12-31;Donnerstag;Werktage;partly-cloudy-day;2.73;-3.29;10853;5584;5269;10453;400;5363;5090;221;179
2021-01-01;Freitag;Werktage;snow;1.67;-1.76;1784;973;811;1732;52;938;794;35;17
2021-01-02;Samstag;Wochenende;snow;1.26;-1.65;15424;8183;7241;14803;621;7827;6976;356;265
2021-01-03;Sonntag;Wochenende;snow;0.4;-2.24;1969;1109;860;1918;51;1076;842;33;18
2021-01-04;Montag;Werktage;partly-cloudy-day;0.51;-2.88;8890;4644;4246;8576;314;4480;4096;164;150
2021-01-05;Dienstag;Werktage;partly-cloudy-day;-0.88;-3.65;8768;4611;4157;8503;265;4468;4035;143;122
2021-01-06;Mittwoch;Werktage;snow;-0.81;-3.27;8735;4580;4155;8448;287;4415;4033;165;122
2021-01-07;Donnerstag;Werktage;partly-cloudy-day;0.53;-4.0;9126;4729;4397;8851;275;4582;4269;147;128
2021-01-08;Freitag;Werktage;partly-cloudy-day;0.54;-5.3;9714;4936;4778;9343;371;4739;4604;197;174
2021-01-09;Samstag;Wochenende;partly-cloudy-day;-1.09;-7.06;14626;7562;7064;14070;556;7269;6801;293;263
2021-01-10;Sonntag;Wochenende;partly-cloudy-day;-1.34;-6.64;1433;739;694;1410;23;724;686;15;8
2021-01-11;Montag;Werktage;partly-cloudy-day;-2.32;-7.6;7603;3910;3693;7323;280;3768;3555;142;138
2021-01-12;Dienstag;Werktage;rain;2.13;-5.35;6554;3399;3155;6359;195;3292;3067;107;88
2021-01-13;Mittwoch;Werktage;rain;2.92;-1.23;9259;4773;4486;8935;324;4616;4319;157;167
2021-01-14;Donnerstag;Werktage;rain;4.61;-1.06;6861;3410;3451;6704;157;3325;3379;85;72
2021-01-15;Freitag;Werktage;snow;1.52;-5.47;10861;5568;5293;10564;297;5393;5171;175;122
2021-01-16;Samstag;Wochenende;partly-cloudy-day;-3.41;-7.86;16651;8278;8373;16091;560;7986;8105;292;268
2021-01-17;Sonntag;Wochenende;snow;0.89;-5.49;1484;777;707;1438;46;748;690;29;17
2021-01-18;Montag;Werktage;snow;0.45;-3.47;4438;2301;2137;4318;120;2237;2081;64;56
2021-01-19;Dienstag;Werktage;partly-cloudy-day;3.27;-5.93;4754;2583;2171;4622;132;2503;2119;80;52
2021-01-20;Mittwoch;Werktage;cloudy;4.65;-1.82;5380;2749;2631;5219;161;2660;2559;89;72
2021-01-21;Donnerstag;Werktage;partly-cloudy-day;5.32;0.81;5454;2899;2555;5337;117;2839;2498;60;57
2021-01-22;Freitag;Werktage;rain;5.78;1.84;5703;2921;2782;5530;173;2827;2703;94;79
2021-01-23;Samstag;Wochenende;rain;3.31;-0.3;6213;3258;2955;6021;192;3160;2861;98;94
2021-01-24;Sonntag;Wochenende;snow;1.72;-4.18;2136;1124;1012;2069;67;1091;978;33;34
2021-01-25;Montag;Werktage;snow;0.48;-4.07;4064;2094;1970;3984;80;2051;1933;43;37
2021-01-26;Dienstag;Werktage;snow;0.73;-3.61;4793;2467;2326;4649;144;2396;2253;71;73
2021-01-27;Mittwoch;Werktage;snow;2.08;-4.56;4194;2186;2008;4073;121;2111;1962;75;46
2021-01-28;Donnerstag;Werktage;rain;6.68;1.48;3378;1773;1605;3286;92;1729;1557;44;48
2021-01-29;Freitag;Werktage;rain;6.62;3.7;4419;2282;2137;4289;130;2212;2077;70;60
2021-01-30;Samstag;Wochenende;rain;5.08;2.83;3907;2003;1904;3767;140;1922;1845;81;59
2021-01-31;Sonntag;Wochenende;rain;4.51;1.24;2245;1122;1123;2181;64;1089;1092;33;31
2021-02-01;Montag;Werktage;rain;5.4;1.84;3884;2025;1859;3756;128;1958;1798;67;61
2021-02-02;Dienstag;Werktage;rain;8.13;4.73;5321;2801;2520;5097;224;2693;2404;108;116
2021-02-03;Mittwoch;Werktage;rain;9.66;5.69;2756;1449;1307;2673;83;1401;1272;48;35
2021-02-04;Donnerstag;Werktage;rain;9.29;4.04;5969;3058;2911;5726;243;2927;2799;131;112
2021-02-05;Freitag;Werktage;partly-cloudy-day;9.49;2.78;6289;3340;2949;6058;231;3215;2843;125;106
2021-02-06;Samstag;Wochenende;partly-cloudy-day;10.29;3.41;6857;3679;3178;6626;231;3546;3080;133;98
2021-02-07;Sonntag;Wochenende;rain;7.13;1.3;1017;524;493;990;27;509;481;15;12
2021-02-08;Montag;Werktage;snow;5.14;-0.16;5152;2836;2316;4992;160;2741;2251;95;65
2021-02-09;Dienstag;Werktage;snow;1.91;-1.31;4367;2288;2079;4274;93;2237;2037;51;42
2021-02-10;Mittwoch;Werktage;snow;2.23;-3.87;3318;1706;1612;3233;85;1667;1566;39;46
2021-02-11;Donnerstag;Werktage;snow;-3.68;-9.29;4266;2191;2075;4159;107;2129;2030;62;45
2021-02-12;Freitag;Werktage;partly-cloudy-day;-3.46;-10.1;4776;2436;2340;4654;122;2380;2274;56;66
2021-02-13;Samstag;Wochenende;partly-cloudy-day;-3.99;-10.37;5508;2893;2615;5333;175;2801;2532;92;83
2021-02-14;Sonntag;Wochenende;clear-day;-0.79;-12.62;1732;983;749;1689;43;955;734;28;15
2021-02-15;Montag;Werktage;partly-cloudy-day;1.73;-6.44;4484;2295;2189;4356;128;2219;2137;76;52
2021-02-16;Dienstag;Werktage;rain;8.44;1.0;5659;3076;2583;5490;169;2986;2504;90;79
2021-02-17;Mittwoch;Werktage;rain;8.97;1.95;6156;3229;2927;5960;196;3125;2835;104;92
2021-02-18;Donnerstag;Werktage;cloudy;8.53;-0.17;5724;2993;2731;5563;161;2916;2647;77;84
2021-02-19;Freitag;Werktage;cloudy;10.56;3.85;6449;3428;3021;6220;229;3302;2918;126;103
2021-02-20;Samstag;Wochenende;partly-cloudy-day;10.18;1.7;7428;4085;3343;7171;257;3939;3232;146;111
2021-02-21;Sonntag;Wochenende;clear-day;11.29;1.52;2769;1504;1265;2689;80;1465;1224;39;41
2021-02-22;Montag;Werktage;clear-day;12.59;2.0;5751;3020;2731;5566;185;2918;2648;102;83
2021-02-23;Dienstag;Werktage;clear-day;12.93;3.55;6176;3331;2845;5994;182;3215;2779;116;66
2021-02-24;Mittwoch;Werktage;clear-day;13.79;4.06;6725;3559;3166;6490;235;3426;3064;133;102
2021-02-25;Donnerstag;Werktage;clear-day;13.45;3.38;6777;3668;3109;6588;189;3570;3018;98;91
2021-02-26;Freitag;Werktage;partly-cloudy-day;12.34;4.01;6974;3710;3264;6746;228;3595;3151;115;113
2021-02-27;Samstag;Wochenende;rain;6.45;1.69;6091;3247;2844;5901;190;3142;2759;105;85
2021-02-28;Sonntag;Wochenende;clear-day;7.41;-0.41;2637;1470;1167;2556;81;1421;1135;49;32
2021-03-01;Montag;Werktage;clear-day;8.67;-0.65;13398;6796;6602;12861;537;6522;6339;274;263
2021-03-02;Dienstag;Werktage;clear-day;11.39;0.11;12324;6361;5963;11858;466;6107;5751;254;212
2021-03-03;Mittwoch;Werktage;partly-cloudy-day;11.76;1.36;13745;6902;6843;13173;572;6623;6550;279;293
2021-03-04;Donnerstag;Werktage;rain;11.1;3.83;12644;6477;6167;12175;469;6235;5940;242;227
2021-03-05;Freitag;Werktage;rain;5.18;0.22;7383;3670;3713;7113;270;3549;3564;121;149
2021-03-06;Samstag;Wochenende;partly-cloudy-day;5.98;-2.36;20249;10641;9608;19467;782;10209;9258;432;350
2021-03-07;Sonntag;Wochenende;rain;7.19;-0.99;2619;1364;1255;2531;88;1317;1214;47;41
2021-03-08;Montag;Werktage;rain;5.93;0.28;10343;5347;4996;9933;410;5128;4805;219;191
2021-03-09;Dienstag;Werktage;partly-cloudy-day;4.84;-2.19;9998;5101;4897;9633;365;4898;4735;203;162
2021-03-10;Mittwoch;Werktage;partly-cloudy-day;8.5;0.46;11731;6070;5661;11270;461;5832;5438;238;223
2021-03-11;Donnerstag;Werktage;rain;14.05;3.78;9470;4814;4656;9124;346;4630;4494;184;162
2021-03-12;Freitag;Werktage;rain;8.46;2.91;10903;5638;5265;10502;401;5424;5078;214;187
2021-03-13;Samstag;Wochenende;rain;10.88;2.75;18558;9666;8892;17848;710;9274;8574;392;318
2021-03-14;Sonntag;Wochenende;rain;4.08;0.81;1654;859;795;1623;31;845;778;14;17
2021-03-15;Montag;Werktage;rain;3.45;0.31;6429;3324;3105;6246;183;3228;3018;96;87
2021-03-16;Dienstag;Werktage;snow;3.5;-0.73;8111;4218;3893;7856;255;4080;3776;138;117
2021-03-17;Mittwoch;Werktage;snow;3.61;-1.16;8823;4515;4308;8463;360;4328;4135;187;173
2021-03-18;Donnerstag;Werktage;snow;3.03;-2.57;10101;5245;4856;9748;353;5060;4688;185;168
2021-03-19;Freitag;Werktage;snow;4.08;-4.34;10807;5499;5308;10460;347;5330;5130;169;178
2021-03-20;Samstag;Wochenende;snow;1.47;-4.38;15441;8189;7252;14866;575;7877;6989;312;263
2021-03-21;Sonntag;Wochenende;snow;2.9;-4.54;1993;1013;980;1940;53;986;954;27;26
2021-03-22;Montag;Werktage;snow;4.01;-1.17;7705;4016;3689;7476;229;3894;3582;122;107
2021-03-23;Dienstag;Werktage;clear-day;7.34;-3.34;9756;5034;4722;9421;335;4855;4566;179;156
2021-03-24;Mittwoch;Werktage;clear-day;10.83;-1.73;10906;5678;5228;10535;371;5484;5051;194;177
2021-03-25;Donnerstag;Werktage;partly-cloudy-day;12.5;0.88;11245;5826;5419;10897;348;5626;5271;200;148
2021-03-26;Freitag;Werktage;partly-cloudy-day;12.36;2.06;12306;6334;5972;11862;444;6100;5762;234;210
2021-03-27;Samstag;Wochenende;rain;7.97;2.87;16227;8630;7597;15627;600;8300;7327;330;270
2021-03-28;Sonntag;Wochenende;partly-cloudy-day;12.35;0.5;2911;1625;1286;2825;86;1572;1253;53;33
2021-03-29;Montag;Werktage;partly-cloudy-day;15.77;2.58;10317;5330;4987;9923;394;5134;4789;196;198
2021-03-30;Dienstag;Werktage;partly-cloudy-day;17.08;3.91;11120;5785;5335;10693;427;5563;5130;222;205
2021-03-31;Mittwoch;Werktage;clear-day;18.7;5.61;13496;6916;6580;12923;573;6636;6287;280;293
2021-04-01;Donnerstag;Werktage;clear-day;19.06;6.99;12301;6413;5888;11869;432;6189;5680;224;208
2021-04-02;Freitag;Werktage;partly-cloudy-day;14.65;6.78;4356;2424;1932;4268;88;2379;1889;45;43
2021-04-03;Samstag;Wochenende;partly-cloudy-day;8.06;1.75;17943;9369;8574;17270;673;9014;8256;355;318
2021-04-04;Sonntag;Wochenende;clear-day;11.05;-0.65;3093;1797;1296;2998;95;1738;1260;59;36
2021-04-05;Montag;Werktage;rain;13.3;-0.53;2625;1450;1175;2557;68;1413;1144;37;31
2021-04-06;Dienstag;Werktage;snow;2.04;-3.79;9284;4861;4423;8950;334;4693;4257;168;166
2021-04-07;Mittwoch;Werktage;snow;2.1;-3.93;9631;4970;4661;9238;393;4760;4478;210;183
2021-04-08;Donnerstag;Werktage;partly-cloudy-day;7.15;-1.87;12462;6444;6018;12009;453;6199;5810;245;208
2021-04-09;Freitag;Werktage;partly-cloudy-day;13.43;0.14;12833;6712;6121;12340;493;6431;5909;281;212
2021-04-10;Samstag;Wochenende;cloudy;14.31;4.38;17291;9229;8062;16641;650;8884;7757;345;305
2021-04-11;Sonntag;Wochenende;rain;16.27;6.03;3106;1698;1408;3016;90;1651;1365;47;43
2021-04-12;Montag;Werktage;rain;7.72;-0.25;5594;2815;2779;5354;240;2701;2653;114;126
2021-04-13;Dienstag;Werktage;snow;5.09;-1.85;10583;5585;4998;10093;490;5327;4766;258;232
2021-04-14;Mittwoch;Werktage;partly-cloudy-day;6.58;-3.63;10632;5421;5211;10176;456;5167;5009;254;202
2021-04-15;Donnerstag;Werktage;rain;6.59;-1.87;11755;6048;5707;11248;507;5782;5466;266;241
2021-04-16;Freitag;Werktage;partly-cloudy-day;8.46;-2.81;11830;6053;5777;11365;465;5791;5574;262;203
2021-04-17;Samstag;Wochenende;partly-cloudy-day;7.02;-1.91;14672;7675;6997;14087;585;7342;6745;333;252
2021-04-18;Sonntag;Wochenende;rain;7.11;1.15;2510;1374;1136;2421;89;1323;1098;51;38
2021-04-19;Montag;Werktage;cloudy;10.22;2.01;11261;5952;5309;10738;523;5676;5062;276;247
2021-04-20;Dienstag;Werktage;clear-day;12.95;1.46;11076;5779;5297;10605;471;5552;5053;227;244
2021-04-21;Mittwoch;Werktage;clear-day;15.07;2.47;11534;6100;5434;11019;515;5819;5200;281;234
2021-04-22;Donnerstag;Werktage;rain;12.26;4.35;11944;6153;5791;11464;480;5912;5552;241;239
2021-04-23;Freitag;Werktage;clear-day;15.25;2.11;13385;7063;6322;12801;584;6744;6057;319;265
2021-04-24;Samstag;Wochenende;clear-day;16.37;2.02;16407;8848;7559;15755;652;8483;7272;365;287
2021-04-25;Sonntag;Wochenende;partly-cloudy-day;15.5;5.36;3175;1738;1437;3087;88;1683;1404;55;33
2021-04-26;Montag;Werktage;cloudy;14.51;3.51;10141;5289;4852;9728;413;5082;4646;207;206
2021-04-27;Dienstag;Werktage;partly-cloudy-day;14.38;3.98;10330;5473;4857;9963;367;5270;4693;203;164
2021-04-28;Mittwoch;Werktage;rain;16.36;5.79;11419;5959;5460;11014;405;5763;5251;196;209
2021-04-29;Donnerstag;Werktage;rain;11.65;7.86;9081;4735;4346;8762;319;4571;4191;164;155
2021-04-30;Freitag;Werktage;rain;14.53;6.58;10513;5352;5161;10123;390;5165;4958;187;203
2021-05-01;Samstag;Wochenende;rain;9.63;5.19;14776;7930;6846;14196;580;7614;6582;316;264
2021-05-02;Sonntag;Wochenende;rain;8.69;3.51;2059;1207;852;2015;44;1177;838;30;14
2021-05-03;Montag;Werktage;rain;11.17;1.93;7541;4167;3374;7315;226;4046;3269;121;105
2021-05-04;Dienstag;Werktage;rain;15.85;4.1;9829;5196;4633;9461;368;4999;4462;197;171
2021-05-05;Mittwoch;Werktage;rain;9.17;4.22;6554;3462;3092;6293;261;3329;2964;133;128
2021-05-06;Donnerstag;Werktage;rain;9.5;3.66;7343;3843;3500;7083;260;3704;3379;139;121
2021-05-07;Freitag;Werktage;rain;9.16;4.64;8701;4520;4181;8412;289;4347;4065;173;116
2021-05-08;Samstag;Wochenende;partly-cloudy-day;17.86;2.16;14298;8226;6072;13733;565;7892;5841;334;231
2021-05-09;Sonntag;Wochenende;partly-cloudy-day;24.66;7.57;2957;1614;1343;2890;67;1582;1308;32;35
2021-05-10;Montag;Werktage;partly-cloudy-day;22.2;13.09;10401;5499;4902;9988;413;5293;4695;206;207
2021-05-11;Dienstag;Werktage;rain;14.67;8.39;6699;3501;3198;6480;219;3388;3092;113;106
2021-05-12;Mittwoch;Werktage;rain;10.83;6.93;9413;4837;4576;9063;350;4654;4409;183;167
2021-05-13;Donnerstag;Werktage;rain;11.39;5.81;2610;1479;1131;2545;65;1438;1107;41;24
2021-05-14;Freitag;Werktage;rain;15.05;4.96;18864;10064;8800;18171;693;9682;8489;382;311
2021-05-15;Samstag;Wochenende;rain;12.98;5.87;15970;8692;7278;15368;602;8365;7003;327;275
2021-05-16;Sonntag;Wochenende;rain;12.23;6.57;2103;1185;918;2056;47;1153;903;32;15
2021-05-17;Montag;Werktage;rain;11.86;6.94;8269;4356;3913;7995;274;4212;3783;144;130
2021-05-18;Dienstag;Werktage;rain;11.84;6.9;8677;4537;4140;8418;259;4397;4021;140;119
2021-05-19;Mittwoch;Werktage;rain;11.72;6.04;9521;5062;4459;9150;371;4862;4288;200;171
2021-05-20;Donnerstag;Werktage;rain;14.88;5.36;10443;5567;4876;10103;340;5377;4726;190;150
2021-05-21;Freitag;Werktage;rain;14.3;7.1;7902;4213;3689;7601;301;4050;3551;163;138
2021-05-22;Samstag;Wochenende;rain;14.56;6.7;17652;9669;7983;16947;705;9274;7673;395;310
2021-05-23;Sonntag;Wochenende;rain;14.94;6.37;3398;1946;1452;3295;103;1893;1402;53;50
2021-05-24;Montag;Werktage;rain;15.02;5.76;2843;1690;1153;2769;74;1638;1131;52;22
2021-05-25;Dienstag;Werktage;rain;13.25;6.8;10351;5462;4889;10015;336;5277;4738;185;151
2021-05-26;Mittwoch;Werktage;rain;14.76;6.54;11054;5774;5280;10671;383;5569;5102;205;178
2021-05-27;Donnerstag;Werktage;rain;12.84;7.44;9044;4764;4280;8729;315;4595;4134;169;146
2021-05-28;Freitag;Werktage;partly-cloudy-day;17.92;4.54;12907;6796;6111;12464;443;6575;5889;221;222
2021-05-29;Samstag;Wochenende;partly-cloudy-day;17.01;8.05;17230;9170;8060;16541;689;8806;7735;364;325
2021-05-30;Sonntag;Wochenende;clear-day;17.66;5.81;3366;1944;1422;3297;69;1902;1395;42;27
2021-05-31;Montag;Werktage;clear-day;19.5;5.76;10685;5672;5013;10277;408;5438;4839;234;174
2021-06-01;Dienstag;Werktage;clear-day;20.97;7.01;11024;5817;5207;10594;430;5582;5012;235;195
2021-06-02;Mittwoch;Werktage;partly-cloudy-day;22.36;8.66;12140;6442;5698;11648;492;6176;5472;266;226
2021-06-03;Donnerstag;Werktage;rain;22.14;12.28;14429;7487;6942;13944;485;7246;6698;241;244
2021-06-04;Freitag;Werktage;rain;21.8;13.04;13245;7145;6100;12802;443;6894;5908;251;192
2021-06-05;Samstag;Wochenende;rain;17.03;12.63;11746;6434;5312;11286;460;6206;5080;228;232
2021-06-06;Sonntag;Wochenende;rain;15.74;11.5;1575;859;716;1520;55;822;698;37;18
2021-06-07;Montag;Werktage;rain;18.13;12.63;8928;4643;4285;8552;376;4434;4118;209;167
2021-06-08;Dienstag;Werktage;rain;19.08;12.9;9941;5220;4721;9577;364;5026;4551;194;170
2021-06-09;Mittwoch;Werktage;rain;20.9;12.47;12346;6527;5819;11826;520;6239;5587;288;232
2021-06-10;Donnerstag;Werktage;rain;22.61;12.0;13420;7015;6405;12943;477;6745;6198;270;207
2021-06-11;Freitag;Werktage;partly-cloudy-day;23.26;12.08;12935;6910;6025;12493;442;6672;5821;238;204
2021-06-12;Samstag;Wochenende;partly-cloudy-day;25.29;12.94;16125;8652;7473;15561;564;8359;7202;293;271
2021-06-13;Sonntag;Wochenende;partly-cloudy-day;23.54;15.23;3228;1777;1451;3124;104;1723;1401;54;50
2021-06-14;Montag;Werktage;clear-day;25.06;11.02;10865;5658;5207;10469;396;5457;5012;201;195
2021-06-15;Dienstag;Werktage;clear-day;26.55;13.12;10900;5643;5257;10546;354;5473;5073;170;184
2021-06-16;Mittwoch;Werktage;partly-cloudy-day;27.39;14.11;11595;6147;5448;11183;412;5911;5272;236;176
2021-06-17;Donnerstag;Werktage;partly-cloudy-day;28.51;15.8;11989;6328;5661;11677;312;6169;5508;159;153
2021-06-18;Freitag;Werktage;rain;28.25;16.77;12282;6497;5785;11934;348;6306;5628;191;157
2021-06-19;Samstag;Wochenende;partly-cloudy-day;29.07;17.42;16032;8367;7665;15567;465;8144;7423;223;242
2021-06-20;Sonntag;Wochenende;rain;26.32;18.07;2982;1655;1327;2918;64;1621;1297;34;30
2021-06-21;Montag;Werktage;rain;25.01;15.65;10657;5691;4966;10261;396;5464;4797;227;169
2021-06-22;Dienstag;Werktage;rain;21.45;15.19;10338;5520;4818;10023;315;5365;4658;155;160
2021-06-23;Mittwoch;Werktage;rain;22.93;14.02;12106;6417;5689;11676;430;6175;5501;242;188
2021-06-24;Donnerstag;Werktage;rain;21.32;13.0;11533;6059;5474;11137;396;5844;5293;215;181
2021-06-25;Freitag;Werktage;rain;19.52;12.71;14213;7540;6673;13655;558;7250;6405;290;268
2021-06-26;Samstag;Wochenende;partly-cloudy-day;22.57;11.34;19352;10386;8966;18605;747;9986;8619;400;347
2021-06-27;Sonntag;Wochenende;partly-cloudy-day;26.07;13.55;3283;1829;1454;3200;83;1779;1421;50;33
2021-06-28;Montag;Werktage;rain;26.87;15.37;10844;5678;5166;10524;320;5504;5020;174;146
2021-06-29;Dienstag;Werktage;rain;21.3;14.11;9464;5001;4463;9122;342;4805;4317;196;146
2021-06-30;Mittwoch;Werktage;rain;18.49;11.72;13240;6947;6293;12708;532;6663;6045;284;248
2021-07-01;Donnerstag;Werktage;rain;18.34;11.22;13129;6944;6185;12720;409;6713;6007;231;178
2021-07-02;Freitag;Werktage;partly-cloudy-day;21.82;12.33;13193;6918;6275;12706;487;6663;6043;255;232
2021-07-03;Samstag;Wochenende;rain;22.32;11.56;18059;9401;8658;17367;692;9036;8331;365;327
2021-07-04;Sonntag;Wochenende;rain;20.09;13.69;2537;1437;1100;2470;67;1400;1070;37;30
2021-07-05;Montag;Werktage;partly-cloudy-day;21.32;13.01;12183;6414;5769;11692;491;6142;5550;272;219
2021-07-06;Dienstag;Werktage;rain;25.2;13.8;10586;5557;5029;10173;413;5332;4841;225;188
2021-07-07;Mittwoch;Werktage;rain;20.18;14.49;13082;6769;6313;12612;470;6514;6098;255;215
2021-07-08;Donnerstag;Werktage;rain;18.93;13.63;6815;3567;3248;6567;248;3443;3124;124;124
2021-07-09;Freitag;Werktage;rain;20.33;12.49;14793;7968;6825;14187;606;7641;6546;327;279
2021-07-10;Samstag;Wochenende;rain;23.48;11.02;17714;9423;8291;17035;679;9055;7980;368;311
2021-07-11;Sonntag;Wochenende;rain;21.65;13.3;3164;1769;1395;3079;85;1720;1359;49;36
2021-07-12;Montag;Werktage;rain;25.68;12.32;11916;6382;5534;11458;458;6133;5325;249;209
2021-07-13;Dienstag;Werktage;rain;17.47;12.51;8880;4777;4103;8546;334;4594;3952;183;151
2021-07-14;Mittwoch;Werktage;rain;19.17;11.19;12639;6613;6026;12067;572;6308;5759;305;267
2021-07-15;Donnerstag;Werktage;rain;16.4;11.57;8602;4517;4085;8245;357;4316;3929;201;156
2021-07-16;Freitag;Werktage;rain;19.3;12.34;11021;5883;5138;10620;401;5675;4945;208;193
2021-07-17;Samstag;Wochenende;rain;18.54;13.26;14308;7607;6701;13777;531;7322;6455;285;246
2021-07-18;Sonntag;Wochenende;rain;20.12;15.69;3105;1798;1307;3013;92;1739;1274;59;33
2021-07-19;Montag;Werktage;clear-day;25.54;13.55;11240;5992;5248;10832;408;5776;5056;216;192
2021-07-20;Dienstag;Werktage;clear-day;24.27;14.51;10964;5817;5147;10571;393;5609;4962;208;185
2021-07-21;Mittwoch;Werktage;clear-day;25.32;13.06;10930;5766;5164;10587;343;5587;5000;179;164
2021-07-22;Donnerstag;Werktage;clear-day;25.4;14.04;11859;6264;5595;11440;419;6049;5391;215;204
2021-07-23;Freitag;Werktage;clear-day;26.86;14.78;11153;5919;5234;10762;391;5714;5048;205;186
2021-07-24;Samstag;Wochenende;rain;25.62;16.05;12556;6809;5747;12156;400;6589;5567;220;180
2021-07-25;Sonntag;Wochenende;rain;20.37;16.34;2575;1489;1086;2507;68;1444;1063;45;23
2021-07-26;Montag;Werktage;rain;22.1;15.44;10710;5798;4912;10264;446;5538;4726;260;186
2021-07-27;Dienstag;Werktage;rain;22.96;14.2;11975;6539;5436;11578;397;6336;5242;203;194
2021-07-28;Mittwoch;Werktage;rain;20.19;15.78;9614;5162;4452;9269;345;4983;4286;179;166
2021-07-29;Donnerstag;Werktage;partly-cloudy-day;24.01;14.41;12133;6363;5770;11704;429;6142;5562;221;208
2021-07-30;Freitag;Werktage;rain;25.52;15.52;10554;5522;5032;10199;355;5335;4864;187;168
2021-07-31;Samstag;Wochenende;rain;20.47;14.85;13357;7272;6085;12909;448;7030;5879;242;206
2021-08-01;Sonntag;Wochenende;rain;15.39;12.13;1370;790;580;1334;36;766;568;24;12
2021-08-02;Montag;Werktage;rain;20.76;10.33;11951;6381;5570;11472;479;6140;5332;241;238
2021-08-03;Dienstag;Werktage;rain;20.02;10.94;10833;5686;5147;10392;441;5439;4953;247;194
2021-08-04;Mittwoch;Werktage;rain;17.07;11.41;9521;5031;4490;9113;408;4806;4307;225;183
2021-08-05;Donnerstag;Werktage;rain;19.68;11.92;10762;5838;4924;10339;423;5601;4738;237;186
2021-08-06;Freitag;Werktage;cloudy;20.82;12.75;13041;7030;6011;12557;484;6762;5795;268;216
2021-08-07;Samstag;Wochenende;rain;21.49;12.84;12530;6740;5790;12085;445;6504;5581;236;209
2021-08-08;Sonntag;Wochenende;rain;15.81;12.07;3462;1902;1560;3357;105;1843;1514;59;46
2021-08-09;Montag;Werktage;partly-cloudy-day;21.67;11.34;12853;6689;6164;12340;513;6429;5911;260;253
2021-08-10;Dienstag;Werktage;clear-day;24.34;12.16;11994;6380;5614;11479;515;6090;5389;290;225
2021-08-11;Mittwoch;Werktage;partly-cloudy-day;25.59;14.87;11785;6258;5527;11327;458;6022;5305;236;222
2021-08-12;Donnerstag;Werktage;partly-cloudy-day;27.05;15.37;12117;6461;5656;11720;397;6246;5474;215;182
2021-08-13;Freitag;Werktage;partly-cloudy-day;28.65;17.84;12458;6719;5739;12020;438;6480;5540;239;199
2021-08-14;Samstag;Wochenende;clear-day;28.34;17.62;14156;7556;6600;13675;481;7299;6376;257;224
2021-08-15;Sonntag;Wochenende;clear-day;27.6;17.88;3256;1837;1419;3179;77;1794;1385;43;34
2021-08-16;Montag;Werktage;rain;21.14;14.35;6736;3480;3256;6488;248;3339;3149;141;107
2021-08-17;Dienstag;Werktage;rain;19.39;11.17;11575;6222;5353;11175;400;6004;5171;218;182
2021-08-18;Mittwoch;Werktage;partly-cloudy-day;20.3;12.15;12593;6685;5908;12046;547;6386;5660;299;248
2021-08-19;Donnerstag;Werktage;partly-cloudy-day;21.47;11.64;12323;6595;5728;11931;392;6394;5537;201;191
2021-08-20;Freitag;Werktage;partly-cloudy-day;23.44;12.91;12420;6675;5745;11989;431;6457;5532;218;213
2021-08-21;Samstag;Wochenende;partly-cloudy-day;25.55;13.32;15520;8242;7278;14992;528;7952;7040;290;238
2021-08-22;Sonntag;Wochenende;rain;21.35;15.12;2631;1433;1198;2554;77;1393;1161;40;37
2021-08-23;Montag;Werktage;rain;19.95;13.14;10663;5671;4992;10306;357;5472;4834;199;158
2021-08-24;Dienstag;Werktage;partly-cloudy-day;18.59;12.06;10835;5664;5171;10451;384;5479;4972;185;199
2021-08-25;Mittwoch;Werktage;partly-cloudy-day;19.78;10.87;14682;7804;6878;14167;515;7524;6643;280;235
2021-08-26;Donnerstag;Werktage;rain;20.34;10.15;12977;6866;6111;12546;431;6618;5928;248;183
2021-08-27;Freitag;Werktage;rain;16.7;10.09;13641;7373;6268;13181;460;7120;6061;253;207
2021-08-28;Samstag;Wochenende;rain;15.15;8.73;12837;6816;6021;12291;546;6529;5762;287;259
2021-08-29;Sonntag;Wochenende;rain;13.8;9.14;1579;879;700;1531;48;850;681;29;19
2021-08-30;Montag;Werktage;rain;15.43;10.02;7376;3777;3599;7082;294;3641;3441;136;158
2021-08-31;Dienstag;Werktage;rain;17.26;10.62;10846;5711;5135;10462;384;5502;4960;209;175
2021-09-01;Mittwoch;Werktage;clear-day;19.76;8.95;13168;6938;6230;12673;495;6667;6006;271;224
2021-09-02;Donnerstag;Werktage;clear-day;20.7;8.8;13973;7450;6523;13517;456;7201;6316;249;207
2021-09-03;Freitag;Werktage;clear-day;21.15;10.4;13500;7142;6358;13082;418;6915;6167;227;191
2021-09-04;Samstag;Wochenende;clear-day;21.68;11.04;17980;9500;8480;17333;647;9134;8199;366;281
2021-09-05;Sonntag;Wochenende;clear-day;22.43;11.64;3809;2111;1698;3706;103;2055;1651;56;47
2021-09-06;Montag;Werktage;clear-day;22.29;11.86;10459;5555;4904;10095;364;5354;4741;201;163
2021-09-07;Dienstag;Werktage;partly-cloudy-day;22.23;11.64;10786;5673;5113;10428;358;5483;4945;190;168
2021-09-08;Mittwoch;Werktage;partly-cloudy-day;23.06;11.47;12106;6451;5655;11670;436;6209;5461;242;194
2021-09-09;Donnerstag;Werktage;rain;22.67;14.25;12385;6547;5838;12031;354;6365;5666;182;172
2021-09-10;Freitag;Werktage;rain;21.73;12.95;12416;6572;5844;11963;453;6335;5628;237;216
2021-09-11;Samstag;Wochenende;rain;21.17;13.55;18378;9896;8482;17698;680;9533;8165;363;317
2021-09-12;Sonntag;Wochenende;rain;21.26;12.58;3766;2094;1672;3653;113;2024;1629;70;43
2021-09-13;Montag;Werktage;partly-cloudy-day;22.45;12.71;11233;6055;5178;10877;356;5861;5016;194;162
2021-09-14;Dienstag;Werktage;partly-cloudy-day;23.31;13.4;10820;5765;5055;10493;327;5583;4910;182;145
2021-09-15;Mittwoch;Werktage;rain;21.28;15.38;10345;5445;4900;10027;318;5274;4753;171;147
2021-09-16;Donnerstag;Werktage;rain;19.38;14.13;11725;5629;6096;11397;328;5456;5941;173;155
2021-09-17;Freitag;Werktage;rain;18.15;12.0;13362;7165;6197;12903;459;6913;5990;252;207
2021-09-18;Samstag;Wochenende;rain;19.0;9.83;18751;9993;8758;18035;716;9598;8437;395;321
2021-09-19;Sonntag;Wochenende;rain;14.4;9.27;2133;1122;1011;2073;60;1094;979;28;32
2021-09-20;Montag;Werktage;rain;15.61;9.27;9858;5227;4631;9516;342;5046;4470;181;161
2021-09-21;Dienstag;Werktage;partly-cloudy-day;16.8;7.61;10976;5781;5195;10554;422;5563;4991;218;204
2021-09-22;Mittwoch;Werktage;partly-cloudy-day;16.62;7.24;12588;6705;5883;12072;516;6420;5652;285;231
2021-09-23;Donnerstag;Werktage;partly-cloudy-day;19.06;7.2;12639;6852;5787;12220;419;6621;5599;231;188
2021-09-24;Freitag;Werktage;clear-day;20.03;9.43;13730;7270;6460;13157;573;6962;6195;308;265
2021-09-25;Samstag;Wochenende;clear-day;21.56;10.15;18618;9714;8904;17803;815;9285;8518;429;386
2021-09-26;Sonntag;Wochenende;rain;20.34;13.09;3235;1745;1490;3143;92;1693;1450;52;40
2021-09-27;Montag;Werktage;rain;19.47;11.37;11430;5951;5479;10991;439;5724;5267;227;212
2021-09-28;Dienstag;Werktage;rain;16.62;12.34;11717;6181;5536;11290;427;5959;5331;222;205
2021-09-29;Mittwoch;Werktage;rain;16.79;10.18;12892;6781;6111;12372;520;6492;5880;289;231
2021-09-30;Donnerstag;Werktage;rain;14.2;7.21;13374;7030;6344;12916;458;6765;6151;265;193
2021-10-01;Freitag;Werktage;partly-cloudy-day;17.74;5.9;13411;7075;6336;12882;529;6799;6083;276;253
2021-10-02;Samstag;Wochenende;partly-cloudy-day;19.64;10.7;19063;10271;8792;18345;718;9871;8474;400;318
2021-10-03;Sonntag;Wochenende;cloudy;21.42;12.01;3610;2054;1556;3501;109;1987;1514;67;42
2021-10-04;Montag;Werktage;rain;13.58;9.73;8360;4316;4044;8009;351;4137;3872;179;172
2021-10-05;Dienstag;Werktage;rain;13.94;9.47;9841;5014;4827;9440;401;4811;4629;203;198
2021-10-06;Mittwoch;Werktage;rain;11.7;6.79;11442;6070;5372;10972;470;5800;5172;270;200
2021-10-07;Donnerstag;Werktage;rain;11.3;6.31;12787;6595;6192;12277;510;6329;5948;266;244
2021-10-08;Freitag;Werktage;partly-cloudy-day;14.33;5.54;13764;7344;6420;13181;583;7026;6155;318;265
2021-10-09;Samstag;Wochenende;partly-cloudy-day;13.95;5.26;17474;9578;7896;16738;736;9173;7565;405;331
2021-10-10;Sonntag;Wochenende;partly-cloudy-day;11.56;3.22;4314;2421;1893;4137;177;2321;1816;100;77
2021-10-11;Montag;Werktage;partly-cloudy-day;11.94;1.92;12695;6566;6129;12068;627;6232;5836;334;293
2021-10-12;Dienstag;Werktage;rain;10.62;3.67;10599;5343;5256;10108;491;5098;5010;245;246
2021-10-13;Mittwoch;Werktage;rain;9.26;3.02;11958;6202;5756;11386;572;5905;5481;297;275
2021-10-14;Donnerstag;Werktage;clear-day;11.06;0.45;14403;7451;6952;13765;638;7119;6646;332;306
2021-10-15;Freitag;Werktage;partly-cloudy-day;13.77;1.84;13949;7424;6525;13374;575;7138;6236;286;289
2021-10-16;Samstag;Wochenende;clear-day;13.3;4.16;17531;9539;7992;16847;684;9155;7692;384;300
2021-10-17;Sonntag;Wochenende;clear-day;13.88;3.94;3636;2047;1589;3502;134;1971;1531;76;58
2021-10-18;Montag;Werktage;partly-cloudy-day;15.07;5.3;11251;5834;5417;10681;570;5543;5138;291;279
2021-10-19;Dienstag;Werktage;cloudy;14.86;7.5;11934;6246;5688;11371;563;5950;5421;296;267
2021-10-20;Mittwoch;Werktage;partly-cloudy-day;18.27;7.74;13062;6897;6165;12420;642;6559;5861;338;304
2021-10-21;Donnerstag;Werktage;rain;12.68;8.63;12409;6670;5739;11879;530;6385;5494;285;245
2021-10-22;Freitag;Werktage;rain;9.23;4.19;9884;5131;4753;9486;398;4939;4547;192;206
2021-10-23;Samstag;Wochenende;rain;10.48;1.73;17475;9273;8202;16775;700;8891;7884;382;318
2021-10-24;Sonntag;Wochenende;clear-day;11.55;0.4;3262;1755;1507;3119;143;1684;1435;71;72
2021-10-25;Montag;Werktage;partly-cloudy-day;12.8;4.35;10850;5734;5116;10430;420;5504;4926;230;190
2021-10-26;Dienstag;Werktage;rain;13.05;5.48;11272;6094;5178;10851;421;5838;5013;256;165
2021-10-27;Mittwoch;Werktage;partly-cloudy-day;12.46;3.62;12970;6959;6011;12421;549;6667;5754;292;257
2021-10-28;Donnerstag;Werktage;clear-day;12.99;3.02;13151;6929;6222;12643;508;6646;5997;283;225
2021-10-29;Freitag;Werktage;partly-cloudy-day;12.22;3.08;13576;7196;6380;13015;561;6890;6125;306;255
2021-10-30;Samstag;Wochenende;partly-cloudy-day;12.33;4.69;20043;10585;9458;19139;904;10126;9013;459;445
2021-10-31;Sonntag;Wochenende;partly-cloudy-day;15.71;7.13;4959;2892;2067;4779;180;2801;1978;91;89
2021-11-01;Montag;Werktage;rain;9.91;5.43;1968;1025;943;1891;77;990;901;35;42
2021-11-02;Dienstag;Werktage;rain;9.17;3.84;9575;5028;4547;9249;326;4855;4394;173;153
2021-11-03;Mittwoch;Werktage;rain;7.72;2.46;9627;4985;4642;9250;377;4802;4448;183;194
2021-11-04;Donnerstag;Werktage;rain;5.89;1.58;10787;5643;5144;10409;378;5440;4969;203;175
2021-11-05;Freitag;Werktage;rain;6.99;1.66;13138;6976;6162;12639;499;6705;5934;271;228
2021-11-06;Samstag;Wochenende;clear-day;6.98;-0.56;21096;11063;10033;20188;908;10596;9592;467;441
2021-11-07;Sonntag;Wochenende;partly-cloudy-day;8.97;-1.03;3154;1759;1395;3043;111;1704;1339;55;56
2021-11-08;Montag;Werktage;rain;7.15;1.64;10172;5342;4830;9763;409;5121;4642;221;188
2021-11-09;Dienstag;Werktage;partly-cloudy-day;7.74;-0.64;10460;5494;4966;10093;367;5294;4799;200;167
2021-11-10;Mittwoch;Werktage;partly-cloudy-day;9.29;1.62;12349;6371;5978;11821;528;6075;5746;296;232
2021-11-11;Donnerstag;Werktage;partly-cloudy-day;10.48;2.29;13728;7145;6583;13172;556;6848;6324;297;259
2021-11-12;Freitag;Werktage;partly-cloudy-day;9.32;2.41;12222;6374;5848;11740;482;6105;5635;269;213
2021-11-13;Samstag;Wochenende;rain;9.1;3.12;15372;8074;7298;14730;642;7747;6983;327;315
2021-11-14;Sonntag;Wochenende;rain;8.53;4.73;2771;1530;1241;2659;112;1459;1200;71;41
2021-11-15;Montag;Werktage;cloudy;8.43;3.7;10136;5252;4884;9756;380;5065;4691;187;193
2021-11-16;Dienstag;Werktage;cloudy;7.76;3.22;9855;5095;4760;9487;368;4901;4586;194;174
2021-11-17;Mittwoch;Werktage;cloudy;6.45;3.08;11556;6065;5491;11041;515;5778;5263;287;228
2021-11-18;Donnerstag;Werktage;partly-cloudy-day;8.28;2.27;12873;6627;6246;12469;404;6405;6064;222;182
2021-11-19;Freitag;Werktage;partly-cloudy-day;8.36;1.56;12483;6502;5981;11990;493;6257;5733;245;248
2021-11-20;Samstag;Wochenende;partly-cloudy-day;7.92;1.47;19159;10251;8908;18374;785;9822;8552;429;356
2021-11-21;Sonntag;Wochenende;partly-cloudy-day;9.32;1.92;3592;1973;1619;3446;146;1889;1557;84;62
2021-11-22;Montag;Werktage;rain;5.24;2.06;9603;4960;4643;9229;374;4774;4455;186;188
2021-11-23;Dienstag;Werktage;partly-cloudy-day;5.91;1.06;10555;5435;5120;10136;419;5220;4916;215;204
2021-11-24;Mittwoch;Werktage;partly-cloudy-day;5.3;-0.47;12453;6400;6053;11933;520;6123;5810;277;243
2021-11-25;Donnerstag;Werktage;partly-cloudy-day;6.12;-0.47;15030;8057;6973;14511;519;7767;6744;290;229
2021-11-26;Freitag;Werktage;snow;2.32;-0.74;19260;10139;9121;18493;767;9744;8749;395;372
2021-11-27;Samstag;Wochenende;snow;2.99;-1.32;23181;12862;10319;22283;898;12346;9937;516;382
2021-11-28;Sonntag;Wochenende;snow;1.13;-1.94;4410;2726;1684;4213;197;2605;1608;121;76
2021-11-29;Montag;Werktage;snow;-0.02;-2.59;11010;5762;5248;10616;394;5552;5064;210;184
2021-11-30;Dienstag;Werktage;rain;3.41;-2.73;9706;5031;4675;9403;303;4880;4523;151;152
2021-12-01;Mittwoch;Werktage;rain;7.58;2.12;12827;6729;6098;12278;549;6445;5833;284;265
2021-12-02;Donnerstag;Werktage;snow;3.75;-1.14;10158;5403;4755;9825;333;5223;4602;180;153
2021-12-03;Freitag;Werktage;snow;0.55;-4.05;13974;7632;6342;13470;504;7353;6117;279;225
2021-12-04;Samstag;Wochenende;rain;5.45;-0.98;13662;7430;6232;13151;511;7139;6012;291;220
2021-12-05;Sonntag;Wochenende;snow;2.51;-2.01;4352;2693;1659;4151;201;2566;1585;127;74
2021-12-06;Montag;Werktage;snow;1.39;-3.47;11323;6103;5220;10829;494;5799;5030;304;190
2021-12-07;Dienstag;Werktage;snow;4.08;-3.37;12023;6350;5673;11607;416;6124;5483;226;190
2021-12-08;Mittwoch;Werktage;snow;2.48;-0.9;7043;3711;3332;6837;206;3609;3228;102;104
2021-12-09;Donnerstag;Werktage;snow;1.69;-3.16;12766;6686;6080;12366;400;6460;5906;226;174
2021-12-10;Freitag;Werktage;rain;1.76;-5.04;13093;7057;6036;12640;453;6799;5841;258;195
2021-12-11;Samstag;Wochenende;snow;1.81;-1.33;22460;12295;10165;21612;848;11830;9782;465;383
2021-12-12;Sonntag;Wochenende;partly-cloudy-day;2.26;-3.85;11657;6479;5178;11116;541;6164;4952;315;226
2021-12-13;Montag;Werktage;rain;4.36;1.1;11963;6341;5622;11483;480;6076;5407;265;215
2021-12-14;Dienstag;Werktage;partly-cloudy-day;4.34;-0.43;12278;6462;5816;11862;416;6256;5606;206;210
2021-12-15;Mittwoch;Werktage;partly-cloudy-day;3.25;-1.53;13539;7093;6446;12981;558;6794;6187;299;259
2021-12-16;Donnerstag;Werktage;partly-cloudy-day;2.49;-1.81;15818;8402;7416;15303;515;8132;7171;270;245
2021-12-17;Freitag;Werktage;partly-cloudy-day;3.01;-2.8;15376;8044;7332;14812;564;7754;7058;290;274
2021-12-18;Samstag;Wochenende;partly-cloudy-day;2.5;-2.78;23753;13018;10735;22883;870;12542;10341;476;394
2021-12-19;Sonntag;Wochenende;clear-day;2.74;-3.43;12089;6725;5364;11473;616;6364;5109;361;255
2021-12-20;Montag;Werktage;partly-cloudy-day;2.2;-3.32;17579;9209;8370;16789;790;8801;7988;408;382
2021-12-21;Dienstag;Werktage;partly-cloudy-day;-0.1;-5.24;17056;8887;8169;16284;772;8488;7796;399;373
2021-12-22;Mittwoch;Werktage;clear-day;0.41;-6.23;18084;9518;8566;17322;762;9118;8204;400;362
2021-12-23;Donnerstag;Werktage;partly-cloudy-day;5.17;-4.67;22943;12069;10874;22008;935;11579;10429;490;445
2021-12-24;Freitag;Werktage;rain;6.88;3.41;14378;7386;6992;13861;517;7099;6762;287;230
2021-12-25;Samstag;Wochenende;rain;7.74;3.72;1895;1000;895;1825;70;957;868;43;27
2021-12-26;Sonntag;Wochenende;rain;7.06;3.46;2552;1397;1155;2416;136;1323;1093;74;62
2021-12-27;Montag;Werktage;rain;7.48;2.06;17868;9360;8508;16991;877;8883;8108;477;400
2021-12-28;Dienstag;Werktage;rain;8.47;2.79;13435;7129;6306;12902;533;6843;6059;286;247
2021-12-29;Mittwoch;Werktage;rain;9.32;5.11;9211;4741;4470;8778;433;4516;4262;225;208
2021-12-30;Donnerstag;Werktage;rain;11.2;7.02;19366;10455;8911;18489;877;9949;8540;506;371
2021-12-31;Freitag;Werktage;clear-day;10.89;3.63;13671;7385;6286;13079;592;7075;6004;310;282
2022-01-01;Samstag;Wochenende;clear-day;9.33;2.33;3403;1981;1422;3295;108;1914;1381;67;41
2022-01-02;Sonntag;Wochenende;partly-cloudy-day;10.64;2.19;3301;1909;1392;3171;130;1830;1341;79;51
2022-01-03;Montag;Werktage;rain;9.78;6.27;10637;5622;5015;10232;405;5408;4824;214;191
2022-01-04;Dienstag;Werktage;rain;12.2;6.07;10595;5546;5049;10188;407;5334;4854;212;195
2022-01-05;Mittwoch;Werktage;rain;5.69;-2.52;8161;4264;3897;7877;284;4118;3759;146;138
2022-01-06;Donnerstag;Werktage;snow;1.88;-3.15;9853;5114;4739;9527;326;4937;4590;177;149
2022-01-07;Freitag;Werktage;snow;2.51;-4.67;10218;5395;4823;9866;352;5216;4650;179;173
2022-01-08;Samstag;Wochenende;snow;2.96;-1.43;15750;8361;7389;15134;616;8037;7097;324;292
2022-01-09;Sonntag;Wochenende;rain;3.29;-1.23;2047;1161;886;1975;72;1116;859;45;27
2022-01-10;Montag;Werktage;snow;1.36;-1.64;8000;4093;3907;7720;280;3946;3774;147;133
2022-01-11;Dienstag;Werktage;partly-cloudy-day;2.22;-3.71;8710;4439;4271;8391;319;4280;4111;159;160
2022-01-12;Mittwoch;Werktage;clear-day;-0.4;-5.85;9216;4779;4437;8802;414;4564;4238;215;199
2022-01-13;Donnerstag;Werktage;clear-day;0.49;-6.63;9447;4850;4597;9113;334;4659;4454;191;143
2022-01-14;Freitag;Werktage;clear-day;2.03;-3.94;9960;5131;4829;9596;364;4948;4648;183;181
2022-01-15;Samstag;Wochenende;clear-day;2.65;-2.72;14679;7732;6947;14105;574;7427;6678;305;269
2022-01-16;Sonntag;Wochenende;clear-day;5.29;-2.23;2491;1340;1151;2406;85;1288;1118;52;33
2022-01-17;Montag;Werktage;partly-cloudy-day;5.24;-0.19;9011;4849;4162;8681;330;4671;4010;178;152
2022-01-18;Dienstag;Werktage;partly-cloudy-day;4.75;-2.22;8343;4229;4114;8018;325;4056;3962;173;152
2022-01-19;Mittwoch;Werktage;partly-cloudy-day;5.13;-2.76;10014;5246;4768;9630;384;5041;4589;205;179
2022-01-20;Donnerstag;Werktage;snow;2.35;-1.9;8328;4320;4008;8076;252;4173;3903;147;105
2022-01-21;Freitag;Werktage;snow;0.61;-4.15;9714;5043;4671;9379;335;4867;4512;176;159
2022-01-22;Samstag;Wochenende;snow;2.93;-4.74;16066;8390;7676;15464;602;8081;7383;309;293
2022-01-23;Sonntag;Wochenende;partly-cloudy-day;3.87;-3.24;2669;1466;1203;2574;95;1418;1156;48;47
2022-01-24;Montag;Werktage;partly-cloudy-day;2.04;-3.08;8284;4352;3932;7953;331;4189;3764;163;168
2022-01-25;Dienstag;Werktage;clear-day;4.26;-2.89;9396;4857;4539;9080;316;4689;4391;168;148
2022-01-26;Mittwoch;Werktage;clear-day;3.53;-3.19;10633;5587;5046;10179;454;5346;4833;241;213
2022-01-27;Donnerstag;Werktage;partly-cloudy-day;4.76;-3.7;10824;5675;5149;10401;423;5440;4961;235;188
2022-01-28;Freitag;Werktage;rain;3.97;-0.84;10937;5738;5199;10549;388;5537;5012;201;187
2022-01-29;Samstag;Wochenende;partly-cloudy-day;6.61;-0.63;16836;8832;8004;16155;681;8474;7681;358;323
2022-01-30;Sonntag;Wochenende;rain;6.68;0.8;2881;1560;1321;2771;110;1497;1274;63;47
2022-01-31;Montag;Werktage;rain;3.33;-0.55;7005;3607;3398;6744;261;3469;3275;138;123
2022-02-01;Dienstag;Werktage;snow;2.72;-0.77;7055;3680;3375;6773;282;3534;3239;146;136
2022-02-02;Mittwoch;Werktage;rain;4.84;2.06;5784;2996;2788;5559;225;2885;2674;111;114
2022-02-03;Donnerstag;Werktage;rain;7.71;2.01;11062;5764;5298;10611;451;5520;5091;244;207
2022-02-04;Freitag;Werktage;rain;6.73;0.95;10921;5826;5095;10452;469;5580;4872;246;223
2022-02-05;Samstag;Wochenende;rain;5.51;-0.75;16663;8942;7721;15957;706;8558;7399;384;322
2022-02-06;Sonntag;Wochenende;rain;5.88;-0.99;2277;1252;1025;2225;52;1221;1004;31;21
2022-02-07;Montag;Werktage;rain;6.02;-0.85;7956;4232;3724;7696;260;4096;3600;136;124
2022-02-08;Dienstag;Werktage;partly-cloudy-day;7.9;-2.03;9336;4822;4514;9000;336;4657;4343;165;171
2022-02-09;Mittwoch;Werktage;clear-day;8.46;-1.79;10886;5558;5328;10449;437;5332;5117;226;211
2022-02-10;Donnerstag;Werktage;partly-cloudy-day;10.29;-0.18;11339;5895;5444;10905;434;5655;5250;240;194
2022-02-11;Freitag;Werktage;rain;4.81;-1.43;9369;4893;4476;9023;346;4714;4309;179;167
2022-02-12;Samstag;Wochenende;clear-day;4.08;-5.43;17146;9124;8022;16420;726;8747;7673;377;349
2022-02-13;Sonntag;Wochenende;clear-day;8.09;-1.95;2961;1582;1379;2856;105;1518;1338;64;41
2022-02-14;Montag;Werktage;partly-cloudy-day;7.49;-1.64;9764;5141;4623;9347;417;4923;4424;218;199
2022-02-15;Dienstag;Werktage;rain;4.15;0.95;7581;3870;3711;7300;281;3732;3568;138;143
2022-02-16;Mittwoch;Werktage;rain;7.44;-0.11;9067;4762;4305;8710;357;4566;4144;196;161
2022-02-17;Donnerstag;Werktage;rain;9.42;6.22;8643;4628;4015;8356;287;4472;3884;156;131
2022-02-18;Freitag;Werktage;rain;12.59;4.79;11366;6067;5299;10946;420;5835;5111;232;188
2022-02-19;Samstag;Wochenende;rain;5.62;1.62;16293;8659;7634;15649;644;8318;7331;341;303
2022-02-20;Sonntag;Wochenende;partly-cloudy-day;9.52;1.41;3373;1928;1445;3270;103;1862;1408;66;37
2022-02-21;Montag;Werktage;rain;6.67;1.82;6604;3450;3154;6368;236;3340;3028;110;126
2022-02-22;Dienstag;Werktage;rain;6.34;1.65;9234;4872;4362;8887;347;4690;4197;182;165
2022-02-23;Mittwoch;Werktage;rain;9.59;1.5;11393;5968;5425;10952;441;5727;5225;241;200
2022-02-24;Donnerstag;Werktage;partly-cloudy-day;10.03;0.67;14004;7357;6647;13165;839;6922;6243;435;404
2022-02-25;Freitag;Werktage;rain;4.86;-0.33;11207;6007;5200;10803;404;5790;5013;217;187
2022-02-26;Samstag;Wochenende;snow;4.52;-2.29;18950;10093;8857;18038;912;9625;8413;468;444
2022-02-27;Sonntag;Wochenende;clear-day;5.48;-5.99;3891;2186;1705;3620;271;2047;1573;139;132
2022-02-28;Montag;Werktage;clear-day;6.45;-5.13;9482;5030;4452;9125;357;4848;4277;182;175
2022-03-01;Dienstag;Werktage;clear-day;6.36;-4.43;10263;5462;4801;9885;378;5261;4624;201;177
2022-03-02;Mittwoch;Werktage;partly-cloudy-day;7.44;-3.13;11227;5960;5267;10827;400;5743;5084;217;183
2022-03-03;Donnerstag;Werktage;clear-day;8.44;-1.21;11566;6038;5528;11103;463;5808;5295;230;233
2022-03-04;Freitag;Werktage;clear-day;6.63;-2.03;11312;6022;5290;10913;399;5798;5115;224;175
2022-03-05;Samstag;Wochenende;clear-day;4.6;-3.92;18739;9708;9031;17965;774;9301;8664;407;367
2022-03-06;Sonntag;Wochenende;partly-cloudy-day;3.34;-4.71;2754;1569;1185;2655;99;1511;1144;58;41
2022-03-07;Montag;Werktage;clear-day;4.54;-4.53;9157;4789;4368;8824;333;4624;4200;165;168
2022-03-08;Dienstag;Werktage;clear-day;5.18;-4.8;9662;5119;4543;9323;339;4936;4387;183;156
2022-03-09;Mittwoch;Werktage;clear-day;8.61;-3.47;10802;5649;5153;10401;401;5431;4970;218;183
2022-03-10;Donnerstag;Werktage;clear-day;10.36;-2.0;11177;5871;5306;10816;361;5672;5144;199;162
2022-03-11;Freitag;Werktage;partly-cloudy-day;11.69;-0.97;11241;5967;5274;10808;433;5724;5084;243;190
2022-03-12;Samstag;Wochenende;partly-cloudy-day;11.57;1.74;17890;9511;8379;17104;786;9085;8019;426;360
2022-03-13;Sonntag;Wochenende;partly-cloudy-day;13.16;0.96;3372;1848;1524;3272;100;1789;1483;59;41
2022-03-14;Montag;Werktage;partly-cloudy-day;12.13;3.6;9476;4990;4486;9128;348;4808;4320;182;166
2022-03-15;Dienstag;Werktage;cloudy;12.59;5.16;9383;4750;4633;9061;322;4586;4475;164;158
2022-03-16;Mittwoch;Werktage;partly-cloudy-day;14.94;5.17;11577;5991;5586;11143;434;5743;5400;248;186
2022-03-17;Donnerstag;Werktage;cloudy;12.05;4.07;10874;5641;5233;10491;383;5426;5065;215;168
2022-03-18;Freitag;Werktage;rain;10.82;4.49;11634;6104;5530;11227;407;5905;5322;199;208
2022-03-19;Samstag;Wochenende;partly-cloudy-day;10.19;1.58;17202;9153;8049;16466;736;8770;7696;383;353
2022-03-20;Sonntag;Wochenende;clear-day;12.58;0.85;3279;1846;1433;3185;94;1790;1395;56;38
2022-03-21;Montag;Werktage;clear-day;13.2;0.89;9765;5092;4673;9391;374;4899;4492;193;181
2022-03-22;Dienstag;Werktage;clear-day;13.28;0.79;10256;5526;4730;9850;406;5287;4563;239;167
2022-03-23;Mittwoch;Werktage;clear-day;14.41;1.53;12017;6238;5779;11486;531;5966;5520;272;259
2022-03-24;Donnerstag;Werktage;clear-day;15.28;2.22;11716;6091;5625;11315;401;5878;5437;213;188
2022-03-25;Freitag;Werktage;clear-day;15.24;2.96;12668;6678;5990;12193;475;6436;5757;242;233
2022-03-26;Samstag;Wochenende;clear-day;15.91;3.04;19050;10279;8771;18241;809;9827;8414;452;357
2022-03-27;Sonntag;Wochenende;clear-day;15.91;3.34;3312;1866;1446;3196;116;1800;1396;66;50
2022-03-28;Montag;Werktage;clear-day;16.6;4.39;10563;5446;5117;10195;368;5257;4938;189;179
2022-03-29;Dienstag;Werktage;cloudy;15.58;6.45;10467;5375;5092;10077;390;5167;4910;208;182
2022-03-30;Mittwoch;Werktage;rain;10.89;7.06;10461;5359;5102;10077;384;5148;4929;211;173
2022-03-31;Donnerstag;Werktage;rain;9.95;4.75;8371;4340;4031;8141;230;4214;3927;126;104
2022-04-01;Freitag;Werktage;rain;4.52;-0.51;4874;2440;2434;4697;177;2350;2347;90;87
2022-04-02;Samstag;Wochenende;snow;0.46;-2.57;9836;4906;4930;9531;305;4757;4774;149;156
2022-04-03;Sonntag;Wochenende;snow;2.11;-3.82;2293;1231;1062;2224;69;1195;1029;36;33
2022-04-04;Montag;Werktage;partly-cloudy-day;6.46;-3.91;9570;5017;4553;9213;357;4840;4373;177;180
2022-04-05;Dienstag;Werktage;rain;10.01;2.22;9080;4654;4426;8766;314;4492;4274;162;152
2022-04-06;Mittwoch;Werktage;rain;13.09;4.05;12815;6531;6284;12312;503;6259;6053;272;231
2022-04-07;Donnerstag;Werktage;rain;12.94;5.99;10521;5418;5103;10158;363;5216;4942;202;161
2022-04-08;Freitag;Werktage;rain;13.47;7.44;10928;5665;5263;10551;377;5462;5089;203;174
2022-04-09;Samstag;Wochenende;rain;10.54;0.62;13795;7260;6535;13244;551;6948;6296;312;239
2022-04-10;Sonntag;Wochenende;snow;7.72;-0.18;2912;1594;1318;2807;105;1528;1279;66;39
2022-04-11;Montag;Werktage;partly-cloudy-day;13.37;-0.19;12372;6481;5891;11763;609;6155;5608;326;283
2022-04-12;Dienstag;Werktage;cloudy;17.4;3.55;12905;6799;6106;12364;541;6510;5854;289;252
2022-04-13;Mittwoch;Werktage;partly-cloudy-day;19.05;7.68;13267;6917;6350;12703;564;6605;6098;312;252
2022-04-14;Donnerstag;Werktage;rain;18.7;9.02;12781;6607;6174;12231;550;6332;5899;275;275
2022-04-15;Freitag;Werktage;rain;17.15;9.61;3714;2074;1640;3616;98;2021;1595;53;45
2022-04-16;Samstag;Wochenende;partly-cloudy-day;12.57;5.59;16721;8724;7997;16074;647;8381;7693;343;304
2022-04-17;Sonntag;Wochenende;clear-day;12.84;1.2;2853;1625;1228;2742;111;1569;1173;56;55
2022-04-18;Montag;Werktage;clear-day;13.71;1.62;3107;1756;1351;2998;109;1693;1305;63;46
2022-04-19;Dienstag;Werktage;partly-cloudy-day;14.47;2.87;12008;6349;5659;11489;519;6052;5437;297;222
2022-04-20;Mittwoch;Werktage;partly-cloudy-day;13.78;3.22;12453;6521;5932;11910;543;6219;5691;302;241
2022-04-21;Donnerstag;Werktage;partly-cloudy-day;15.28;3.27;13536;6965;6571;12957;579;6656;6301;309;270
2022-04-22;Freitag;Werktage;partly-cloudy-day;13.97;3.58;13463;7172;6291;12858;605;6853;6005;319;286
2022-04-23;Samstag;Wochenende;partly-cloudy-day;14.96;5.59;15559;8106;7453;14970;589;7799;7171;307;282
2022-04-24;Sonntag;Wochenende;rain;11.19;5.99;3037;1742;1295;2961;76;1696;1265;46;30
2022-04-25;Montag;Werktage;rain;11.94;6.48;9926;5105;4821;9573;353;4910;4663;195;158
2022-04-26;Dienstag;Werktage;rain;10.55;5.74;8657;4422;4235;8311;346;4253;4058;169;177
2022-04-27;Mittwoch;Werktage;clear-day;13.95;3.54;12176;6248;5928;11713;463;6005;5708;243;220
2022-04-28;Donnerstag;Werktage;clear-day;16.37;3.46;13905;7068;6837;13254;651;6749;6505;319;332
2022-04-29;Freitag;Werktage;partly-cloudy-day;16.96;4.26;13449;6884;6565;12936;513;6618;6318;266;247
2022-04-30;Samstag;Wochenende;rain;12.04;7.61;15632;8415;7217;15029;603;8100;6929;315;288
2022-05-01;Sonntag;Wochenende;rain;13.57;5.77;3632;2020;1612;3512;120;1947;1565;73;47
2022-05-02;Montag;Werktage;clear-day;16.27;4.16;10992;5598;5394;10566;426;5385;5181;213;213
2022-05-03;Dienstag;Werktage;rain;16.08;6.12;10985;5563;5422;10598;387;5374;5224;189;198
2022-05-04;Mittwoch;Werktage;rain;16.07;7.75;11519;5836;5683;11111;408;5643;5468;193;215
2022-05-05;Donnerstag;Werktage;rain;14.92;7.18;11710;5997;5713;11283;427;5787;5496;210;217
2022-05-06;Freitag;Werktage;rain;13.08;8.43;10820;5577;5243;10463;357;5389;5074;188;169
2022-05-07;Samstag;Wochenende;rain;15.21;9.23;17006;8956;8050;16323;683;8610;7713;346;337
2022-05-08;Sonntag;Wochenende;rain;16.63;8.55;3678;2032;1646;3548;130;1956;1592;76;54
2022-05-09;Montag;Werktage;rain;17.85;8.19;10363;5335;5028;10012;351;5145;4867;190;161
2022-05-10;Dienstag;Werktage;partly-cloudy-day;20.56;8.43;11584;5884;5700;11180;404;5689;5491;195;209
2022-05-11;Mittwoch;Werktage;partly-cloudy-day;24.45;11.54;12740;6497;6243;12285;455;6254;6031;243;212
2022-05-12;Donnerstag;Werktage;rain;23.46;13.84;13396;6712;6684;12973;423;6490;6483;222;201
2022-05-13;Freitag;Werktage;rain;20.09;13.79;12751;6580;6171;12307;444;6357;5950;223;221
2022-05-14;Samstag;Wochenende;rain;20.68;12.56;17878;9316;8562;17163;715;8955;8208;361;354
2022-05-15;Sonntag;Wochenende;partly-cloudy-day;23.54;10.68;3918;2206;1712;3810;108;2149;1661;57;51
2022-05-16;Montag;Werktage;rain;22.3;13.88;9650;5086;4564;9341;309;4929;4412;157;152
2022-05-17;Dienstag;Werktage;rain;21.87;11.41;11657;5967;5690;11258;399;5779;5479;188;211
2022-05-18;Mittwoch;Werktage;clear-day;24.64;11.64;12336;6469;5867;11920;416;6243;5677;226;190
2022-05-19;Donnerstag;Werktage;rain;25.12;12.83;11887;6177;5710;11520;367;5981;5539;196;171
2022-05-20;Freitag;Werktage;partly-cloudy-day;28.36;14.91;12849;6553;6296;12467;382;6342;6125;211;171
2022-05-21;Samstag;Wochenende;rain;22.11;15.1;16739;8827;7912;16173;566;8530;7643;297;269
2022-05-22;Sonntag;Wochenende;partly-cloudy-day;22.61;12.32;3515;1972;1543;3425;90;1916;1509;56;34
2022-05-23;Montag;Werktage;rain;24.36;14.07;8814;4681;4133;8503;311;4521;3982;160;151
2022-05-24;Dienstag;Werktage;rain;15.23;11.21;9279;4716;4563;9009;270;4570;4439;146;124
2022-05-25;Mittwoch;Werktage;rain;17.99;10.45;14143;7352;6791;13622;521;7084;6538;268;253
2022-05-26;Donnerstag;Werktage;partly-cloudy-day;20.06;10.48;5612;3758;1854;5477;135;3665;1812;93;42
2022-05-27;Freitag;Werktage;partly-cloudy-day;21.16;10.41;18552;9752;8800;17797;755;9348;8449;404;351
2022-05-28;Samstag;Wochenende;rain;15.94;10.44;16464;8763;7701;15784;680;8398;7386;365;315
2022-05-29;Sonntag;Wochenende;rain;13.59;6.65;2538;1456;1082;2472;66;1425;1047;31;35
2022-05-30;Montag;Werktage;partly-cloudy-day;16.81;5.32;10607;5499;5108;10197;410;5288;4909;211;199
2022-05-31;Dienstag;Werktage;rain;19.55;8.82;10101;5067;5034;9700;401;4868;4832;199;202
2022-06-01;Mittwoch;Werktage;rain;21.18;11.45;9661;4949;4712;9305;356;4770;4535;179;177
2022-06-02;Donnerstag;Werktage;rain;21.14;12.22;12768;6554;6214;12329;439;6347;5982;207;232
2022-06-03;Freitag;Werktage;rain;23.02;13.31;10417;5465;4952;10034;383;5263;4771;202;181
2022-06-04;Samstag;Wochenende;partly-cloudy-day;24.9;13.1;18637;10102;8535;17928;709;9729;8199;373;336
2022-06-05;Sonntag;Wochenende;rain;22.84;14.52;3208;1834;1374;3121;87;1784;1337;50;37
2022-06-06;Montag;Werktage;rain;20.68;11.94;3490;1950;1540;3375;115;1898;1477;52;63
2022-06-07;Dienstag;Werktage;rain;17.92;12.91;10074;5176;4898;9728;346;4994;4734;182;164
2022-06-08;Mittwoch;Werktage;rain;19.53;10.14;10814;5467;5347;10390;424;5258;5132;209;215
2022-06-09;Donnerstag;Werktage;rain;15.68;10.69;10657;5698;4959;10310;347;5497;4813;201;146
2022-06-10;Freitag;Werktage;clear-day;19.68;9.36;12763;6653;6110;12304;459;6423;5881;230;229
2022-06-11;Samstag;Wochenende;clear-day;23.03;9.96;15405;8107;7298;14847;558;7829;7018;278;280
2022-06-12;Sonntag;Wochenende;clear-day;25.8;11.93;3546;2050;1496;3434;112;1994;1440;56;56
2022-06-13;Montag;Werktage;rain;22.11;14.6;9373;4912;4461;9044;329;4747;4297;165;164
2022-06-14;Dienstag;Werktage;clear-day;23.61;10.65;12046;6347;5699;11589;457;6121;5468;226;231
2022-06-15;Mittwoch;Werktage;clear-day;26.58;12.55;11632;5982;5650;11239;393;5782;5457;200;193
2022-06-16;Donnerstag;Werktage;partly-cloudy-day;26.5;16.23;14012;7425;6587;13551;461;7169;6382;256;205
2022-06-17;Freitag;Werktage;partly-cloudy-day;25.41;14.72;13549;7241;6308;13136;413;6992;6144;249;164
2022-06-18;Samstag;Wochenende;clear-day;28.85;14.2;15560;8527;7033;15012;548;8204;6808;323;225
2022-06-19;Sonntag;Wochenende;clear-day;31.33;18.0;2771;1505;1266;2720;51;1479;1241;26;25
2022-06-20;Montag;Werktage;rain;27.91;17.85;9806;5076;4730;9488;318;4908;4580;168;150
2022-06-21;Dienstag;Werktage;rain;26.43;15.35;14324;7898;6426;13917;407;7671;6246;227;180
2022-06-22;Mittwoch;Werktage;rain;22.05;16.49;10686;5549;5137;10327;359;5366;4961;183;176
2022-06-23;Donnerstag;Werktage;rain;26.88;15.02;12831;6659;6172;12443;388;6474;5969;185;203
2022-06-24;Freitag;Werktage;rain;21.29;14.49;8259;4278;3981;8000;259;4148;3852;130;129
2022-06-25;Samstag;Wochenende;clear-day;24.44;11.52;17883;9444;8439;17206;677;9063;8143;381;296
2022-06-26;Sonntag;Wochenende;rain;26.85;14.86;3035;1710;1325;2964;71;1679;1285;31;40
2022-06-27;Montag;Werktage;rain;23.2;15.29;11544;6047;5497;11099;445;5817;5282;230;215
2022-06-28;Dienstag;Werktage;rain;21.38;14.15;12779;6688;6091;12364;415;6463;5901;225;190
2022-06-29;Mittwoch;Werktage;partly-cloudy-day;23.21;14.54;15783;8369;7414;15262;521;8082;7180;287;234
2022-06-30;Donnerstag;Werktage;rain;25.97;14.69;14062;7325;6737;13634;428;7087;6547;238;190
2022-07-01;Freitag;Werktage;rain;17.72;12.31;9492;4928;4564;9157;335;4757;4400;171;164
2022-07-02;Samstag;Wochenende;clear-day;23.86;10.6;17096;8994;8102;16415;681;8635;7780;359;322
2022-07-03;Sonntag;Wochenende;partly-cloudy-day;27.82;14.95;3026;1716;1310;2955;71;1679;1276;37;34
2022-07-04;Montag;Werktage;rain;24.82;16.64;10526;5548;4978;10129;397;5335;4794;213;184
2022-07-05;Dienstag;Werktage;rain;24.2;15.23;12112;6205;5907;11677;435;6004;5673;201;234
2022-07-06;Mittwoch;Werktage;partly-cloudy-day;23.69;13.77;14223;7345;6878;13722;501;7091;6631;254;247
2022-07-07;Donnerstag;Werktage;rain;21.48;12.44;13398;7017;6381;12975;423;6775;6200;242;181
2022-07-08;Freitag;Werktage;rain;21.34;12.45;13577;7022;6555;13086;491;6774;6312;248;243
2022-07-09;Samstag;Wochenende;clear-day;23.09;9.71;16108;8374;7734;15555;553;8102;7453;272;281
2022-07-10;Sonntag;Wochenende;partly-cloudy-day;21.09;13.29;2924;1592;1332;2847;77;1559;1288;33;44
2022-07-11;Montag;Werktage;clear-day;22.48;10.68;12364;6532;5832;11851;513;6257;5594;275;238
2022-07-12;Dienstag;Werktage;partly-cloudy-day;24.55;11.96;11989;6203;5786;11486;503;5938;5548;265;238
2022-07-13;Mittwoch;Werktage;clear-day;28.05;12.22;11705;6049;5656;11318;387;5865;5453;184;203
2022-07-14;Donnerstag;Werktage;partly-cloudy-day;30.4;18.28;11634;6186;5448;11236;398;5977;5259;209;189
2022-07-15;Freitag;Werktage;partly-cloudy-day;25.29;16.56;11628;6051;5577;11158;470;5813;5345;238;232
2022-07-16;Samstag;Wochenende;clear-day;24.68;13.38;13373;6953;6420;12935;438;6715;6220;238;200
2022-07-17;Sonntag;Wochenende;clear-day;26.49;12.55;2650;1499;1151;2596;54;1470;1126;29;25
2022-07-18;Montag;Werktage;clear-day;28.57;13.39;10318;5347;4971;9932;386;5130;4802;217;169
2022-07-19;Dienstag;Werktage;clear-day;30.81;14.61;9385;4883;4502;9022;363;4679;4343;204;159
2022-07-20;Mittwoch;Werktage;rain;30.48;18.66;9333;4891;4442;8994;339;4712;4282;179;160
2022-07-21;Donnerstag;Werktage;rain;25.07;17.33;12324;6390;5934;11811;513;6152;5659;238;275
2022-07-22;Freitag;Werktage;clear-day;29.37;15.81;9629;5149;4480;9332;297;5001;4331;148;149
2022-07-23;Samstag;Wochenende;rain;25.16;17.2;11208;5999;5209;10806;402;5764;5042;235;167
2022-07-24;Sonntag;Wochenende;clear-day;27.21;16.31;2511;1437;1074;2464;47;1410;1054;27;20
2022-07-25;Montag;Werktage;rain;30.96;17.99;9227;4894;4333;8907;320;4726;4181;168;152
2022-07-26;Dienstag;Werktage;rain;24.21;16.78;11952;6415;5537;11498;454;6162;5336;253;201
2022-07-27;Mittwoch;Werktage;partly-cloudy-day;24.1;15.01;10609;5691;4918;10182;427;5451;4731;240;187
2022-07-28;Donnerstag;Werktage;rain;26.37;13.09;10785;5670;5115;10432;353;5492;4940;178;175
2022-07-29;Freitag;Werktage;rain;24.26;15.48;10243;5381;4862;9846;397;5182;4664;199;198
2022-07-30;Samstag;Wochenende;rain;24.18;14.48;12486;6751;5735;12074;412;6528;5546;223;189
2022-07-31;Sonntag;Wochenende;partly-cloudy-day;26.5;15.95;2923;1655;1268;2844;79;1604;1240;51;28